Midplane atomic neutral D ground state densities [m^-3] 
 
HFS rhop (100 values) 
1.0222 1.0195 1.0168 1.0141 1.0113 1.0086 1.0058 1.0031 1.0003 0.9974 0.9946 0.9917 0.9889 0.9859 0.9830 0.9801 0.9771 0.9741 0.9711 0.9681 0.9650 0.9619 0.9588 0.9557 0.9525 0.9494 0.9462 0.9430 0.9397 0.9365 0.9332 0.9299 0.9265 0.9232 0.9198 0.9164 0.9130 0.9095 0.9061 0.9026 0.8991 0.8955 0.8920 0.8884 0.8847 0.8811 0.8774 0.8738 0.8700 0.8663 0.8626 0.8588 0.8550 0.8511 0.8473 0.8434 0.8395 0.8355 0.8316 0.8276 0.8236 0.8196 0.8155 0.8114 0.8073 0.8032 0.7990 0.7948 0.7906 0.7864 0.7821 0.7778 0.7735 0.7692 0.7648 0.7605 0.7560 0.7516 0.7471 0.7427 0.7381 0.7336 0.7290 0.7244 0.7198 0.7152 0.7105 0.7058 0.7011 0.6964 0.6916 0.6868 0.6820 0.6772 0.6723 0.6674 0.6625 0.6575 0.6526 0.6476  
 
HFS nn (100 values) 
38627712954319056.0000 33594566135042824.0000 27842194438429016.0000 25106023543183660.0000 21630883661263284.0000 19326867820878272.0000 17229728788940950.0000 15118072417470256.0000 13779200582167916.0000 12738878487632010.0000 11853531126807364.0000 11210857169171616.0000 10445812209040036.0000 9715776784566626.0000 9358476780155148.0000 8401976153827394.0000 7304179079963138.0000 7567121539604280.0000 6756842533657984.0000 5657377857971508.0000 4570223161406231.0000 4152833230301609.0000 3849219273150126.5000 3545657944656270.0000 3279325034200726.5000 3089867740931324.0000 2904298986806481.5000 2718228244379778.5000 2535374103149102.5000 2389786871682057.0000 2255952522963197.0000 2124692739053492.7500 1982762649471585.2500 1854501360517482.7500 1727392505339708.2500 1635207167183008.5000 1544165065912778.5000 1452335758197088.0000 1361297882393152.0000 1269725729603707.2500 1209711064547776.5000 1174338829725473.7500 1139797518427761.2500 1103454891506306.2500 1071704474246403.6250 1032946602991130.6250 999602905183180.0000 964574267630641.0000 923836511844231.7500 883270264418779.3750 842613150038743.6250 801834299216096.6250 761270887669334.2500 720657791927540.2500 687873176233063.5000 663221707641407.6250 637875278236032.6250 612595552333063.7500 587087174258176.0000 561894149085635.8750 536681116950168.6250 511490568625332.0000 487167679731364.3125 475458192366739.8125 462960253182375.1875 456113560756225.6875 446243043898686.9375 436336539773072.3125 427350009578939.9375 418162177624685.9375 408762630072221.8750 399784838209516.0000 381918782930058.9375 359026616205759.8125 336721553871597.5000 314471387476315.6250 291778861084197.2500 268879595742878.4062 246601580631527.3125 223670972786087.5938 201306491210383.5000 178776031426121.3438 166723766484377.2500 158186913037495.6250 150164714255045.9062 141353585312032.0625 132958815649626.2812 125108369596325.6719 116816859747990.6562 108676939469851.3750 99918647064070.7344 92083106101935.1875 83665602123966.7812 77316366189807.6250 77805646086052.5156 78618423313821.7188 79700954476574.2188 80533944210324.5781 81269591462903.0156 82187074582281.8750  
 
LFS rhop (100 values) 
0.6228 0.6278 0.6328 0.6378 0.6427 0.6476 0.6526 0.6574 0.6623 0.6672 0.6720 0.6768 0.6816 0.6864 0.6912 0.6959 0.7007 0.7054 0.7100 0.7147 0.7193 0.7240 0.7286 0.7332 0.7377 0.7423 0.7468 0.7513 0.7558 0.7602 0.7647 0.7691 0.7735 0.7779 0.7822 0.7866 0.7909 0.7952 0.7994 0.8037 0.8079 0.8121 0.8163 0.8205 0.8246 0.8288 0.8329 0.8370 0.8410 0.8451 0.8491 0.8531 0.8571 0.8610 0.8650 0.8689 0.8728 0.8766 0.8805 0.8843 0.8881 0.8919 0.8957 0.8994 0.9031 0.9068 0.9105 0.9142 0.9178 0.9214 0.9250 0.9286 0.9321 0.9357 0.9392 0.9426 0.9461 0.9496 0.9530 0.9564 0.9598 0.9631 0.9665 0.9698 0.9731 0.9763 0.9796 0.9828 0.9860 0.9892 0.9924 0.9955 0.9986 1.0017 1.0048 1.0079 1.0109 1.0140 1.0170 1.0200  
 
LFS nn (100 values) 
282817374585241.1250 283627752698712.1250 284542162493809.5000 285401750532182.8750 286242541024201.6875 287124165082665.9375 288033408101081.4375 288833225012240.0625 289733079153696.3125 290595971728543.6875 291442815355720.0000 293141306201135.0625 306965073875829.9375 322929051945339.8750 334383864396391.3750 346029870200999.6250 357890350489262.1875 369008898636958.6250 379088829589575.1250 390596867707359.8125 401092355699267.8125 413410287346601.9375 425901343777654.9375 444156585236446.3750 475290055346312.5000 505175937185167.6250 536999444809936.1875 569209106332820.2500 599243927235960.7500 628350604260335.2500 660803875619158.2500 690378635888979.7500 720393808274157.1250 748037413076576.6250 773888954648291.7500 813434042547119.3750 854196617567823.0000 895023872907002.1250 935929242719410.7500 976625804502417.0000 1017495209252290.7500 1058322355734299.0000 1101692183993301.7500 1153529629525346.5000 1212377382787315.5000 1271761159898406.7500 1330686626309177.5000 1389745169229345.5000 1448941001624994.0000 1507818233480581.7500 1564868635358866.2500 1623837174225037.7500 1686048150470150.2500 1748223066355596.2500 1810864440042004.0000 1873165359630799.5000 1935007755021963.5000 2018119441046268.5000 2110254523046095.2500 2194758061035791.5000 2279498737119845.0000 2364797171289356.5000 2449923540777682.5000 2552247171218762.5000 2675133094638430.5000 2780306977175464.5000 2882540336600156.0000 2985151376410516.0000 3090035675848430.5000 3236078963039403.0000 3402973025871228.0000 3578683154939216.0000 3753039758141605.5000 3931956944697831.0000 4149457257807597.0000 4432169298467533.0000 4716376523253234.0000 5015364080063793.0000 5427206851274893.0000 5864362040994898.0000 6319653982516982.0000 7343426516799643.0000 9444311113657708.0000 11572286665072880.0000 13667776458031556.0000 15812837052314756.0000 17942106337065516.0000 20059574695843928.0000 22165376872705272.0000 24302743992756912.0000 26307069441773300.0000 28033816305112456.0000 29238942327705632.0000 31094954160639956.0000 29715974863602152.0000 31523812995513472.0000 31455028292962708.0000 32942533697833560.0000 37402642359908944.0000 44986611618045240.0000  
 
Vertical slice at R=0.69m 
Z [m] ({len(Z)} values) 
-0.5327 -0.5282 -0.5237 -0.5192 -0.5146 -0.5101 -0.5056 -0.5011 -0.4965 -0.4920 -0.4875 -0.4830 -0.4784 -0.4739 -0.4694 -0.4649 -0.4603 -0.4558 -0.4513 -0.4468 -0.4422 -0.4377 -0.4332 -0.4287 -0.4241 -0.4196 -0.4151 -0.4106 -0.4060 -0.4015 -0.3970 -0.3925 -0.3879 -0.3834 -0.3789 -0.3744 -0.3698 -0.3653 -0.3608 -0.3563 -0.3517 -0.3472 -0.3427 -0.3382 -0.3336 -0.3291 -0.3246 -0.3201 -0.3156 -0.3110 -0.3065 -0.3020 -0.2975 -0.2929 -0.2884 -0.2839 -0.2794 -0.2748 -0.2703 -0.2658 -0.2613 -0.2567 -0.2522 -0.2477 -0.2432 -0.2386 -0.2341 -0.2296 -0.2251 -0.2205 -0.2160 -0.2115 -0.2070 -0.2024 -0.1979 -0.1934 -0.1889 -0.1843 -0.1798 -0.1753 -0.1708 -0.1662 -0.1617 -0.1572 -0.1527 -0.1481 -0.1436 -0.1391 -0.1346 -0.1300 -0.1255 -0.1210 -0.1165 -0.1119 -0.1074 -0.1029 -0.0984 -0.0938 -0.0893 -0.0848 -0.0803 -0.0758 -0.0712 -0.0667 -0.0622 -0.0577 -0.0531 -0.0486 -0.0441 -0.0396 -0.0350 -0.0305 -0.0260 -0.0215 -0.0169 -0.0124 -0.0079 -0.0034 0.0012 0.0057 0.0102 0.0147 0.0193 0.0238 0.0283 0.0328 0.0374 0.0419 0.0464 0.0509 0.0555 0.0600 0.0645 0.0690 0.0736 0.0781 0.0826 0.0871 0.0917 0.0962 0.1007 0.1052 0.1098 0.1143 0.1188 0.1233 0.1279 0.1324 0.1369 0.1414 0.1459 0.1505 0.1550 0.1595 0.1640 0.1686 0.1731 0.1776 0.1821 0.1867 0.1912 0.1957 0.2002 0.2048 0.2093 0.2138 0.2183 0.2229 0.2274 0.2319 0.2364 0.2410 0.2455 0.2500 0.2545 0.2591 0.2636 0.2681 0.2726 0.2772 0.2817 0.2862 0.2907 0.2953 0.2998 0.3043 0.3088 0.3134 0.3179 0.3224 0.3269 0.3315 0.3360 0.3405 0.3450 0.3496 0.3541 0.3586 0.3631 0.3676  
 
nan nan nan nan nan nan nan nan nan nan nan nan nan nan nan nan nan nan nan nan nan nan nan nan nan 7476916544785144832.0000 6868837036724386816.0000 6396748360052567040.0000 5968146380633374720.0000 5552248965747251200.0000 5140397939063628800.0000 4732905887406400512.0000 4328434218865131008.0000 3926157087974052352.0000 3522582944816591360.0000 3118775523374437888.0000 2719592287123072000.0000 2321184123697324544.0000 1927271334524831744.0000 1535278522583027712.0000 1134365025011366016.0000 722693653508231680.0000 311053052761307456.0000 59467329992672688.0000 42133852095611976.0000 26171787800686860.0000 20453414113827976.0000 15244892330011728.0000 12820222653264050.0000 10677988547815924.0000 8535754442367800.0000 6393520336919646.0000 4854063290403661.0000 3642948025561144.5000 2847029834458419.0000 2398133465160814.0000 2143100289133848.5000 1854771277782926.5000 1658339254251571.7500 1438220228857735.2500 1236843807275526.2500 1007004618106915.5000 797734210733473.5000 656098944485279.5000 646240909770802.3750 581089757164203.0000 561688202237530.1250 520559207961692.3750 475110544949434.8125 415761928480719.6250 343180390901239.6250 273107743590350.7188 240194860050115.0000 210589950176668.6250 178448270011804.0312 160697577661691.0938 152787012084193.0000 141040934932362.8438 122647847591278.4375 109012853527572.7031 95509913810059.9062 nan nan nan nan nan nan nan nan nan nan nan nan nan nan nan nan nan nan nan nan nan nan nan nan nan nan nan nan nan nan nan nan nan nan nan nan nan nan nan nan nan nan nan nan nan nan nan nan nan nan nan nan nan nan nan nan nan nan nan nan nan nan nan nan nan nan nan nan nan nan nan nan 60741496752452.1562 67684690754124.9219 72566362700318.0938 77404826383689.4531 91758286188653.9062 121016241767769.5469 152853559892049.4062 184667415301719.2188 211173892967811.2500 234338407941212.8125 257502922914614.4375 300244623262925.3125 330462790493827.2500 365723391817508.3125 388503141156606.6875 410987239399727.1250 455078792991887.5625 585867796402001.2500 677626700025468.5000 758264610517310.0000 849902528809085.2500 998643104313727.0000 1231236604482094.5000 1519812955188395.0000 1837022247778136.5000 2149748423350348.0000 2449174368709809.0000 2971442963950539.0000 3486887225009648.0000 4064232027446841.5000 5099113235677124.0000 6565206223781366.0000 8909934267338188.0000 12361802490157618.0000 16485450649067800.0000 21753990025634896.0000 27149532147176320.0000 39867039204518592.0000 nan nan nan nan nan nan nan nan nan  
 
